[gd_scene load_steps=28 format=3 uid="uid://bb75w210dxt14"]

[ext_resource type="Texture2D" uid="uid://n3a6s3w3vg03" path="res://Assets/Textures/Concrete042A_1K-JPG_Color.jpg" id="1_t3jus"]
[ext_resource type="Script" path="res://Scripts/Misc/floor_type.gd" id="2_v6d8g"]
[ext_resource type="PackedScene" path="res://Scenes/Prefabs/StaticObjects/4_way_airduct.tscn" id="3_ax8b1"]
[ext_resource type="PackedScene" path="res://Scenes/Prefabs/StaticObjects/airduct_lid.tscn" id="4_u66s4"]
[ext_resource type="PackedScene" path="res://Scenes/Prefabs/StaticObjects/base_airduct.tscn" id="5_s8t73"]
[ext_resource type="PackedScene" uid="uid://ce71rwirfiafw" path="res://Scenes/Prefabs/MoveableObjects/desk_1.tscn" id="6_x1u63"]
[ext_resource type="PackedScene" uid="uid://b65csccqsl1l1" path="res://Scenes/Prefabs/StaticObjects/industrial_table.tscn" id="7_lddy1"]
[ext_resource type="PackedScene" uid="uid://c88sba6h6nwvq" path="res://Scenes/Prefabs/StaticObjects/chute.tscn" id="8_7k8uf"]
[ext_resource type="PackedScene" uid="uid://dmy0v04imvkbv" path="res://Scenes/Prefabs/MoveableObjects/cardboard_box_big.tscn" id="9_hwpun"]
[ext_resource type="PackedScene" uid="uid://ugwqaphpkcxp" path="res://Scenes/Prefabs/MoveableObjects/cardboard_box_long.tscn" id="10_i8dsp"]
[ext_resource type="PackedScene" uid="uid://c148bm0rukaqe" path="res://Scenes/Prefabs/MoveableObjects/cardboard_box_medium.tscn" id="11_l7qio"]
[ext_resource type="PackedScene" uid="uid://dfbuid76trvb0" path="res://Scenes/Prefabs/MoveableObjects/cardboard_box_mini.tscn" id="12_gnkrv"]
[ext_resource type="PackedScene" uid="uid://bwkdr1hhs71ee" path="res://Scenes/Prefabs/MoveableObjects/cardboard_box_small.tscn" id="13_i56vn"]
[ext_resource type="PackedScene" uid="uid://duwevejxlw37b" path="res://Scenes/Prefabs/StaticObjects/Tiles/mail_room_wall_door.tscn" id="14_hap60"]
[ext_resource type="PackedScene" uid="uid://uuhrokgnd64l" path="res://Scenes/Prefabs/StaticObjects/Tiles/mail_room_wall.tscn" id="15_gpy5i"]
[ext_resource type="PackedScene" uid="uid://bbp38gl3c7dir" path="res://Scenes/Prefabs/StaticObjects/mail_room_shelf.tscn" id="16_b0j1w"]
[ext_resource type="PackedScene" uid="uid://dw7ahxmjrcoci" path="res://Scenes/Prefabs/StaticObjects/Tiles/mail_room_wall_door_window.tscn" id="17_0lj7i"]
[ext_resource type="PackedScene" uid="uid://c4nsdvtqi2ydi" path="res://Scenes/Prefabs/StaticObjects/airduct_longer.tscn" id="18_igtne"]
[ext_resource type="PackedScene" path="res://Scenes/Prefabs/StaticObjects/airduct_upper.tscn" id="19_yyduo"]
[ext_resource type="PackedScene" path="res://Scenes/Prefabs/StaticObjects/airduct_l_piece.tscn" id="20_jmcj7"]
[ext_resource type="PackedScene" uid="uid://doveq38wiuloa" path="res://Scenes/Prefabs/StaticObjects/ceiling_light_on_without_light.tscn" id="21_gga1c"]
[ext_resource type="PackedScene" uid="uid://bhyepbfxwhdat" path="res://Scenes/light_with_optimizercollider_MAILROOM_ONLY.tscn" id="22_aruuo"]
[ext_resource type="PackedScene" uid="uid://bf2twmuaaf8yg" path="res://Scenes/Prefabs/StaticObjects/Tiles/ceiling.tscn" id="23_q058e"]

[sub_resource type="StandardMaterial3D" id="StandardMaterial3D_ce6ua"]
albedo_texture = ExtResource("1_t3jus")
uv1_scale = Vector3(19.735, 7.36, 5)

[sub_resource type="BoxMesh" id="BoxMesh_ytt0c"]
lightmap_size_hint = Vector2i(733, 495)
add_uv2 = true
size = Vector3(95.985, 1, 50)

[sub_resource type="ConcavePolygonShape3D" id="ConcavePolygonShape3D_1dbhk"]
data = PackedVector3Array(-40.3225, 0.5, 25, 40.3225, 0.5, 25, -40.3225, -0.5, 25, 40.3225, 0.5, 25, 40.3225, -0.5, 25, -40.3225, -0.5, 25, 40.3225, 0.5, -25, -40.3225, 0.5, -25, 40.3225, -0.5, -25, -40.3225, 0.5, -25, -40.3225, -0.5, -25, 40.3225, -0.5, -25, 40.3225, 0.5, 25, 40.3225, 0.5, -25, 40.3225, -0.5, 25, 40.3225, 0.5, -25, 40.3225, -0.5, -25, 40.3225, -0.5, 25, -40.3225, 0.5, -25, -40.3225, 0.5, 25, -40.3225, -0.5, -25, -40.3225, 0.5, 25, -40.3225, -0.5, 25, -40.3225, -0.5, -25, 40.3225, 0.5, 25, -40.3225, 0.5, 25, 40.3225, 0.5, -25, -40.3225, 0.5, 25, -40.3225, 0.5, -25, 40.3225, 0.5, -25, -40.3225, -0.5, 25, 40.3225, -0.5, 25, -40.3225, -0.5, -25, 40.3225, -0.5, 25, 40.3225, -0.5, -25, -40.3225, -0.5, -25)

[sub_resource type="ConcavePolygonShape3D" id="ConcavePolygonShape3D_2nltk"]
data = PackedVector3Array(-47.9925, 0.5, 25, 47.9925, 0.5, 25, -47.9925, -0.5, 25, 47.9925, 0.5, 25, 47.9925, -0.5, 25, -47.9925, -0.5, 25, 47.9925, 0.5, -25, -47.9925, 0.5, -25, 47.9925, -0.5, -25, -47.9925, 0.5, -25, -47.9925, -0.5, -25, 47.9925, -0.5, -25, 47.9925, 0.5, 25, 47.9925, 0.5, -25, 47.9925, -0.5, 25, 47.9925, 0.5, -25, 47.9925, -0.5, -25, 47.9925, -0.5, 25, -47.9925, 0.5, -25, -47.9925, 0.5, 25, -47.9925, -0.5, -25, -47.9925, 0.5, 25, -47.9925, -0.5, 25, -47.9925, -0.5, -25, 47.9925, 0.5, 25, -47.9925, 0.5, 25, 47.9925, 0.5, -25, -47.9925, 0.5, 25, -47.9925, 0.5, -25, 47.9925, 0.5, -25, -47.9925, -0.5, 25, 47.9925, -0.5, 25, -47.9925, -0.5, -25, 47.9925, -0.5, 25, 47.9925, -0.5, -25, -47.9925, -0.5, -25)

[node name="mailroom_prefab" type="Node3D"]

[node name="floor" type="Node3D" parent="."]

[node name="MeshInstance3D" type="MeshInstance3D" parent="floor"]
transform = Transform3D(0.785, 0, 0, 0, 0.91, 0, 0, 0, 0.445, -9.11333, -0.506603, -5.39636)
material_override = SubResource("StandardMaterial3D_ce6ua")
mesh = SubResource("BoxMesh_ytt0c")

[node name="Area3D" type="Area3D" parent="floor/MeshInstance3D"]
collision_layer = 32768
collision_mask = 32768
script = ExtResource("2_v6d8g")
floor_type = "mail_room"

[node name="CollisionShape3D" type="CollisionShape3D" parent="floor/MeshInstance3D/Area3D"]
shape = SubResource("ConcavePolygonShape3D_1dbhk")

[node name="StaticBody3D2" type="StaticBody3D" parent="floor/MeshInstance3D"]

[node name="CollisionShape3D" type="CollisionShape3D" parent="floor/MeshInstance3D/StaticBody3D2"]
shape = SubResource("ConcavePolygonShape3D_2nltk")

[node name="4way_airduct" parent="floor" instance=ExtResource("3_ax8b1")]
transform = Transform3D(1, 0, 0, 0, 1, 0, 0, 0, 1, 14.1604, 5.51081, -6.58851)

[node name="airduct_lid" parent="floor/4way_airduct" instance=ExtResource("4_u66s4")]
transform = Transform3D(1, 0, 0, 0, 1, 0, 0, 0, 1, -0.0287447, 0.0246992, -0.088223)

[node name="airduct_lid2" parent="floor/4way_airduct" instance=ExtResource("4_u66s4")]
transform = Transform3D(1, 0, 0, 0, 1, 0, 0, 0, 1, 0.0118141, 0.0246992, 0.738214)

[node name="airduct_lid3" parent="floor/4way_airduct" instance=ExtResource("4_u66s4")]
transform = Transform3D(-4.37114e-08, 0, 1, 0, 1, 0, -1, 0, -4.37114e-08, 0.338779, 0.0246992, 0.395819)

[node name="base_airduct" parent="floor/4way_airduct" instance=ExtResource("5_s8t73")]
transform = Transform3D(-4.37114e-08, 0, 1, 0, 1, 0, -1, 0, -4.37114e-08, -0.991635, 0.00480413, 0.396888)

[node name="4way_airduct2" parent="floor" instance=ExtResource("3_ax8b1")]
transform = Transform3D(1, 0, 0, 0, 1, 0, 0, 0, 1, 2.7219, 4.91071, -6.53854)

[node name="airduct_lid2" parent="floor/4way_airduct2" instance=ExtResource("4_u66s4")]
transform = Transform3D(1, 0, 0, 0, 1, 0, 0, 0, 1, 0.0118141, 0.0246992, 0.738214)

[node name="4way_airduct4" parent="floor" instance=ExtResource("3_ax8b1")]
transform = Transform3D(1, 0, 0, 0, 1, 0, 0, 0, 1, -6.95155, 4.91071, -6.53854)

[node name="airduct_lid2" parent="floor/4way_airduct4" instance=ExtResource("4_u66s4")]
transform = Transform3D(-4.37114e-08, 0, 1, 0, 1, 0, -1, 0, -4.37114e-08, -0.497315, 0.0246992, 0.389666)

[node name="airduct_lid4" parent="floor/4way_airduct4" instance=ExtResource("4_u66s4")]
transform = Transform3D(-4.37114e-08, 0, 1, 0, 1, 0, -1, 0, -4.37114e-08, -0.538975, 0.0246992, -4.00922)

[node name="airduct_lid3" parent="floor/4way_airduct4" instance=ExtResource("4_u66s4")]
transform = Transform3D(-4.37114e-08, 0, 1, 0, 1, 0, -1, 0, -4.37114e-08, -0.530963, 0.0246992, 4.82898)

[node name="4way_airduct3" parent="floor" instance=ExtResource("3_ax8b1")]
transform = Transform3D(1, 0, 0, 0, 1, 0, 0, 0, 1, 11.0635, 4.91071, -6.53854)

[node name="airduct_lid2" parent="floor/4way_airduct3" instance=ExtResource("4_u66s4")]
transform = Transform3D(1, 0, 0, 0, 1, 0, 0, 0, 1, 0.0118141, 0.0246992, 0.738214)

[node name="airduct_lid3" parent="floor/4way_airduct3" instance=ExtResource("4_u66s4")]
transform = Transform3D(1, 0, 0, 0, 1, 0, 0, 0, 1, 0.0118141, 0.0246992, -0.0853496)

[node name="Objects" type="Node3D" parent="."]

[node name="Desk3" parent="Objects" instance=ExtResource("6_x1u63")]
transform = Transform3D(-4.37114e-08, 0, -1, 0, 1, 0, 1, 0, -4.37114e-08, -5.8306, -0.0774132, -9.63198)

[node name="IndustrialTable" parent="Objects" instance=ExtResource("7_lddy1")]
transform = Transform3D(0.587, 0, 0, 0, 0.587, 0, 0, 0, 0.587, -9.85651, 0.556907, -4.93296)

[node name="IndustrialTable2" parent="Objects" instance=ExtResource("7_lddy1")]
transform = Transform3D(0.587, 0, 0, 0, 0.587, 0, 0, 0, 0.587, -13.3394, 0.556907, -4.93296)

[node name="IndustrialTable3" parent="Objects" instance=ExtResource("7_lddy1")]
transform = Transform3D(0.587, 0, 0, 0, 0.587, 0, 0, 0, 0.587, -17.2193, 0.556907, -4.93296)

[node name="IndustrialTable5" parent="Objects" instance=ExtResource("7_lddy1")]
transform = Transform3D(-2.56586e-08, 0, 0.587, 0, 0.587, 0, -0.587, 0, -2.56586e-08, -9.62116, 0.556907, 0.860429)

[node name="IndustrialTable6" parent="Objects" instance=ExtResource("7_lddy1")]
transform = Transform3D(-2.56586e-08, 0, 0.587, 0, 0.587, 0, -0.587, 0, -2.56586e-08, -9.3903, 0.556907, -10.8702)

[node name="StaticBody3D" parent="Objects" node_paths=PackedStringArray("game_objects") instance=ExtResource("8_7k8uf")]
transform = Transform3D(-1, 0, -8.74228e-08, 0, 1, 0, 8.74228e-08, 0, -1, -11.4464, 2.72705, -11.9021)
active = true
game_objects = [null]

[node name="StaticBody3D6" parent="Objects" instance=ExtResource("8_7k8uf")]
transform = Transform3D(1, 0, 0, 0, 1, 0, 0, 0, 1, -11.2355, 2.72705, 1.8957)

[node name="StaticBody3D2" parent="Objects" instance=ExtResource("8_7k8uf")]
transform = Transform3D(-1, 0, -8.74228e-08, 0, 1, 0, 8.74228e-08, 0, -1, -15.9743, 2.72705, -11.904)

[node name="StaticBody3D5" parent="Objects" instance=ExtResource("8_7k8uf")]
transform = Transform3D(1, 0, 0, 0, 1, 0, 0, 0, 1, -16.3609, 2.72705, 1.87034)

[node name="StaticBody3D3" parent="Objects" instance=ExtResource("8_7k8uf")]
transform = Transform3D(-1, 0, -8.74228e-08, 0, 1, 0, 8.74228e-08, 0, -1, -19.8292, 2.72705, -11.9021)

[node name="StaticBody3D4" parent="Objects" instance=ExtResource("8_7k8uf")]
transform = Transform3D(1, 0, 0, 0, 1, 0, 0, 0, 1, -20.9425, 2.72705, 1.83474)

[node name="Desk2" parent="Objects" instance=ExtResource("6_x1u63")]
transform = Transform3D(-0.00181511, 0, 0.999998, 0, 1, 0, -0.999998, 0, -0.00181511, -1.65728, 0, -0.469987)

[node name="Cardboard_box_big" parent="Objects" instance=ExtResource("9_hwpun")]
transform = Transform3D(1, 0, 0, 0, 1, 0, 0, 0, 1, -14.2543, 3.2618, 1.67041)

[node name="Cardboard_box_big2" parent="Objects" instance=ExtResource("9_hwpun")]
transform = Transform3D(1, 0, 0, 0, 1, 0, 0, 0, 1, -14.2543, 3.2618, 0.553038)

[node name="Cardboard_box_big5" parent="Objects" instance=ExtResource("9_hwpun")]
transform = Transform3D(1, 0, 0, 0, 1, 0, 0, 0, 1, -14.2543, 2.26014, 0.640711)

[node name="Cardboard_box_big4" parent="Objects" instance=ExtResource("9_hwpun")]
transform = Transform3D(1, 0, 0, 0, 1, 0, 0, 0, 1, -14.2543, 3.2618, -1.30792)

[node name="Cardboard_box_big7" parent="Objects" instance=ExtResource("9_hwpun")]
transform = Transform3D(0.81303, 0, -0.582222, 0, 1, 0, 0.582222, 0, 0.81303, -14.2543, 4.33196, -1.15579)

[node name="Cardboard_box_big6" parent="Objects" instance=ExtResource("9_hwpun")]
transform = Transform3D(1, 0, 0, 0, 1, 0, 0, 0, 1, -14.2543, 2.24859, -0.477663)

[node name="Cardboard_box_big3" parent="Objects" instance=ExtResource("9_hwpun")]
transform = Transform3D(0.535989, 0, 0.844225, 0, 1, 0, -0.844225, 0, 0.535989, -13.385, 1.13567, -5.32423)

[node name="Cardboard_box_big25" parent="Objects" instance=ExtResource("9_hwpun")]
transform = Transform3D(1, 0, 0, 0, 1, 0, 0, 0, 1, -17.6058, 0.835632, -8.54166)

[node name="Cardboard_box_big26" parent="Objects" instance=ExtResource("9_hwpun")]
transform = Transform3D(1, 0, 0, 0, 1, 0, 0, 0, 1, -17.5381, 2.86614, -11.1214)

[node name="Cardboard_box_big8" parent="Objects" instance=ExtResource("9_hwpun")]
transform = Transform3D(0.850416, 0, 0.52611, 0, 1, 0, -0.52611, 0, 0.850416, -14.0259, 0.90272, -1.48921)

[node name="Cardboard_box_big12" parent="Objects" instance=ExtResource("9_hwpun")]
transform = Transform3D(1, 0, 0, 0, 1, 0, 0, 0, 1, -14.1589, -0.0688259, -1.48921)

[node name="Cardboard_box_big27" parent="Objects" instance=ExtResource("9_hwpun")]
transform = Transform3D(1, 0, 0, 0, 1, 0, 0, 0, 1, -17.6115, 0.108085, -8.64634)

[node name="Cardboard_box_big28" parent="Objects" instance=ExtResource("9_hwpun")]
transform = Transform3D(0.691349, 0, 0.722521, 0, 1, 0, -0.722521, 0, 0.691349, -17.7689, 1.17053, -4.88948)

[node name="Cardboard_box_big13" parent="Objects" instance=ExtResource("9_hwpun")]
transform = Transform3D(1, 0, 0, 0, 1, 0, 0, 0, 1, -14.1589, 0.356793, 1.53725)

[node name="Cardboard_box_big9" parent="Objects" instance=ExtResource("9_hwpun")]
transform = Transform3D(1, 0, 0, 0, 1, 0, 0, 0, 1, -13.9936, 0.877651, -0.679732)

[node name="Cardboard_box_long" parent="Objects" instance=ExtResource("10_i8dsp")]
transform = Transform3D(-0.0680661, 0.207511, -0.975862, 0.90435, 0.425906, 0.0274882, 0.421329, -0.88065, -0.216653, -14.2901, 3.3023, 1.16884)

[node name="Cardboard_box_long3" parent="Objects" instance=ExtResource("10_i8dsp")]
transform = Transform3D(1, 0, 0, 0, 1, 0, 0, 0, 1, -14.2901, 1.97248, 1.98554)

[node name="Cardboard_box_long4" parent="Objects" instance=ExtResource("10_i8dsp")]
transform = Transform3D(1, 0, 0, 0, 1, 0, 0, 0, 1, -14.2901, 2.1164, 1.98554)

[node name="Cardboard_box_long5" parent="Objects" instance=ExtResource("10_i8dsp")]
transform = Transform3D(1, 0, 0, 0, 1, 0, 0, 0, 1, -14.2901, 2.21747, 1.98554)

[node name="Cardboard_box_long6" parent="Objects" instance=ExtResource("10_i8dsp")]
transform = Transform3D(1, 0, 0, 0, 1, 0, 0, 0, 1, -14.2901, 2.401, 1.98554)

[node name="Cardboard_box_long16" parent="Objects" instance=ExtResource("10_i8dsp")]
transform = Transform3D(1, 0, 0, 0, 1, 0, 0, 0, 1, -14.2901, 0.954747, 1.98554)

[node name="Cardboard_box_long17" parent="Objects" instance=ExtResource("10_i8dsp")]
transform = Transform3D(1, 0, 0, 0, 1, 0, 0, 0, 1, -14.2901, 1.09866, 1.98554)

[node name="Cardboard_box_long18" parent="Objects" instance=ExtResource("10_i8dsp")]
transform = Transform3D(1, 0, 0, 0, 1, 0, 0, 0, 1, -14.2901, 1.19973, 1.98554)

[node name="Cardboard_box_long19" parent="Objects" instance=ExtResource("10_i8dsp")]
transform = Transform3D(1, 0, 0, 0, 1, 0, 0, 0, 1, -14.2901, 1.38327, 1.98554)

[node name="Cardboard_box_long20" parent="Objects" instance=ExtResource("10_i8dsp")]
transform = Transform3D(0.0194068, 0, -0.999812, 0, 1, 0, 0.999812, 0, 0.0194068, -14.2901, 1.46004, 0.985756)

[node name="Cardboard_box_long12" parent="Objects" instance=ExtResource("10_i8dsp")]
transform = Transform3D(0.882431, 0, 0.470442, 0, 1, 0, -0.470442, 0, 0.882431, -14.2901, 4.02802, 1.76468)

[node name="Cardboard_box_long13" parent="Objects" instance=ExtResource("10_i8dsp")]
transform = Transform3D(0.882431, 0, 0.470442, 0, 1, 0, -0.470442, 0, 0.882431, -14.2901, 4.17194, 1.76468)

[node name="Cardboard_box_long14" parent="Objects" instance=ExtResource("10_i8dsp")]
transform = Transform3D(0.882431, 0, 0.470442, 0, 1, 0, -0.470442, 0, 0.882431, -14.2901, 4.27301, 1.76468)

[node name="Cardboard_box_long15" parent="Objects" instance=ExtResource("10_i8dsp")]
transform = Transform3D(0.882431, 0, 0.470442, 0, 1, 0, -0.470442, 0, 0.882431, -14.2901, 4.45654, 1.76468)

[node name="Cardboard_box_long8" parent="Objects" instance=ExtResource("10_i8dsp")]
transform = Transform3D(0.877381, 0, -0.479795, 0, 1, 0, 0.479795, 0, 0.877381, -14.2901, 1.97248, -1.30469)

[node name="Cardboard_box_long9" parent="Objects" instance=ExtResource("10_i8dsp")]
transform = Transform3D(0.877381, 0, -0.479795, 0, 1, 0, 0.479795, 0, 0.877381, -14.2901, 2.1164, -1.30469)

[node name="Cardboard_box_long10" parent="Objects" instance=ExtResource("10_i8dsp")]
transform = Transform3D(0.877381, 0, -0.479795, 0, 1, 0, 0.479795, 0, 0.877381, -14.2901, 2.21747, -1.30469)

[node name="Cardboard_box_long11" parent="Objects" instance=ExtResource("10_i8dsp")]
transform = Transform3D(0.877381, 0, -0.479795, 0, 1, 0, 0.479795, 0, 0.877381, -14.2901, 2.401, -1.30469)

[node name="Cardboard_box_long22" parent="Objects" instance=ExtResource("10_i8dsp")]
transform = Transform3D(0.877381, 0, -0.479795, 0, 1, 0, 0.479795, 0, 0.877381, -13.8322, 1.8382, -11.6109)

[node name="Cardboard_box_long23" parent="Objects" instance=ExtResource("10_i8dsp")]
transform = Transform3D(0.877381, 0, -0.479795, 0, 1, 0, 0.479795, 0, 0.877381, -13.8322, 1.98212, -11.6109)

[node name="Cardboard_box_long24" parent="Objects" instance=ExtResource("10_i8dsp")]
transform = Transform3D(0.877381, 0, -0.479795, 0, 1, 0, 0.479795, 0, 0.877381, -13.8322, 2.08318, -11.6109)

[node name="Cardboard_box_long25" parent="Objects" instance=ExtResource("10_i8dsp")]
transform = Transform3D(0.877381, 0, -0.479795, 0, 1, 0, 0.479795, 0, 0.877381, -13.8322, 2.26672, -11.6109)

[node name="Cardboard_box_long7" parent="Objects" instance=ExtResource("10_i8dsp")]
transform = Transform3D(-4.37114e-08, 0, 1, -0.76482, 0.644244, -3.34314e-08, -0.644244, -0.76482, -2.81608e-08, -14.2901, 2.28075, 1.4539)

[node name="Cardboard_box_long26" parent="Objects" instance=ExtResource("10_i8dsp")]
transform = Transform3D(1, 0, 0, 0, 1, 0, 0, 0, 1, -13.8322, 0.823338, -10.201)

[node name="Cardboard_box_long27" parent="Objects" instance=ExtResource("10_i8dsp")]
transform = Transform3D(1, 0, 0, 0, 1, 0, 0, 0, 1, -13.8322, 0.967255, -10.201)

[node name="Cardboard_box_long28" parent="Objects" instance=ExtResource("10_i8dsp")]
transform = Transform3D(1, 0, 0, 0, 1, 0, 0, 0, 1, -13.8322, 1.25186, -10.201)

[node name="Cardboard_box_long30" parent="Objects" instance=ExtResource("10_i8dsp")]
transform = Transform3D(0.33058, 0, -0.943778, 0, 1, 0, 0.943778, 0, 0.33058, -13.5865, -0.0379156, -10.0108)

[node name="Cardboard_box_long29" parent="Objects" instance=ExtResource("10_i8dsp")]
transform = Transform3D(-4.37114e-08, 0, 1, -0.76482, 0.644244, -3.34314e-08, -0.644244, -0.76482, -2.81608e-08, -13.8322, 1.13161, -10.7326)

[node name="Cardboard_box_long2" parent="Objects" instance=ExtResource("10_i8dsp")]
transform = Transform3D(1, 0, 0, 0, 1, 0, 0, 0, 1, -14.2901, 1.11442, -5.20602)

[node name="Cardboard_box_long70" parent="Objects" instance=ExtResource("10_i8dsp")]
transform = Transform3D(0.659333, 0.751851, 0, -0.751851, 0.659333, 0, 0, 0, 1, -17.2286, 1.73886, -5.08432)

[node name="Cardboard_box_long69" parent="Objects" instance=ExtResource("10_i8dsp")]
transform = Transform3D(0.543673, 0, 0.839297, 0, 1, 0, -0.839298, 0, 0.543673, -17.8244, 1.03669, -10.0476)

[node name="Cardboard_box_medium" parent="Objects" instance=ExtResource("11_l7qio")]
transform = Transform3D(1, 0, 0, 0, 1, 0, 0, 0, 1, -12.8812, 1.10875, -4.54241)

[node name="Cardboard_box_medium9" parent="Objects" instance=ExtResource("11_l7qio")]
transform = Transform3D(1, 0, 0, 0, 1, 0, 0, 0, 1, -13.6236, 2.0312, -10.4123)

[node name="Cardboard_box_long65" parent="Objects" instance=ExtResource("10_i8dsp")]
transform = Transform3D(0.877381, 0, -0.479795, 0, 1, 0, 0.479795, 0, 0.877381, -22.9139, 0.830381, -1.48885)

[node name="Cardboard_box_long66" parent="Objects" instance=ExtResource("10_i8dsp")]
transform = Transform3D(0.877381, 0, -0.479795, 0, 1, 0, 0.479795, 0, 0.877381, -22.9139, 0.974292, -1.48885)

[node name="Cardboard_box_long67" parent="Objects" instance=ExtResource("10_i8dsp")]
transform = Transform3D(0.877381, 0, -0.479795, 0, 1, 0, 0.479795, 0, 0.877381, -22.9139, 1.07536, -1.48885)

[node name="Cardboard_box_long68" parent="Objects" instance=ExtResource("10_i8dsp")]
transform = Transform3D(0.877381, 0, -0.479795, 0, 1, 0, 0.479795, 0, 0.877381, -22.9139, 1.2589, -1.48885)

[node name="Cardboard_box_medium33" parent="Objects" instance=ExtResource("11_l7qio")]
transform = Transform3D(1, 0, 0, 0, 1, 0, 0, 0, 1, -22.7052, 1.02338, -0.290214)

[node name="Cardboard_box_medium11" parent="Objects" instance=ExtResource("11_l7qio")]
transform = Transform3D(1, 0, 0, 0, 1, 0, 0, 0, 1, -13.6236, 0.141735, -8.74735)

[node name="Cardboard_box_medium12" parent="Objects" instance=ExtResource("11_l7qio")]
transform = Transform3D(1, 0, 0, 0, 1, 0, 0, 0, 1, -13.6236, 0.141735, -11.5548)

[node name="Cardboard_box_medium4" parent="Objects" instance=ExtResource("11_l7qio")]
transform = Transform3D(1, 0, 0, 0, 1, 0, 0, 0, 1, -13.9919, 0.794429, 0.113589)

[node name="Cardboard_box_medium5" parent="Objects" instance=ExtResource("11_l7qio")]
transform = Transform3D(1, 0, 0, 0, 1, 0, 0, 0, 1, -13.9919, 1.14096, 1.20653)

[node name="Cardboard_box_big10" parent="Objects" instance=ExtResource("9_hwpun")]
transform = Transform3D(0.850416, 0, 0.52611, 0, 1, 0, -0.52611, 0, 0.850416, -13.568, 3.22491, -11.2939)

[node name="Cardboard_box_big11" parent="Objects" instance=ExtResource("9_hwpun")]
transform = Transform3D(1, 0, 0, 0, 1, 0, 0, 0, 1, -13.5357, 3.22491, -10.4844)

[node name="Cardboard_box_long21" parent="Objects" instance=ExtResource("10_i8dsp")]
transform = Transform3D(0.335238, 0, -0.942133, 0, 1, 0, 0.942134, 0, 0.335238, -13.7907, 3.36975, -8.73598)

[node name="Cardboard_box_medium6" parent="Objects" instance=ExtResource("11_l7qio")]
transform = Transform3D(1, 0, 0, 0, 1, 0, 0, 0, 1, -13.534, 3.07893, -9.69106)

[node name="Cardboard_box_medium7" parent="Objects" instance=ExtResource("11_l7qio")]
transform = Transform3D(1, 0, 0, 0, 1, 0, 0, 0, 1, -13.534, 3.07893, -8.36841)

[node name="Cardboard_box_medium2" parent="Objects" instance=ExtResource("11_l7qio")]
transform = Transform3D(1, 0, 0, 0, 1, 0, 0, 0, 1, -14.351, 3.19353, -0.0386032)

[node name="Cardboard_box_medium3" parent="Objects" instance=ExtResource("11_l7qio")]
transform = Transform3D(1, 0, 0, 0, 1, 0, 0, 0, 1, -14.351, 1.10875, -4.75682)

[node name="Cardboard_box_medium8" parent="Objects" instance=ExtResource("11_l7qio")]
transform = Transform3D(1, 0, 0, 0, 1, 0, 0, 0, 1, -13.7641, 3.09529, -9.06547)

[node name="Cardboard_box_big19" parent="Objects" instance=ExtResource("9_hwpun")]
transform = Transform3D(0.850416, 0, 0.52611, 0, 1, 0, -0.52611, 0, 0.850416, -22.4554, 4.23986, -11.2939)

[node name="Cardboard_box_big20" parent="Objects" instance=ExtResource("9_hwpun")]
transform = Transform3D(1, 0, 0, 0, 1, 0, 0, 0, 1, -22.4231, 4.23986, -10.4844)

[node name="Cardboard_box_long50" parent="Objects" instance=ExtResource("10_i8dsp")]
transform = Transform3D(0.335238, 0, -0.942133, 0, 1, 0, 0.942134, 0, 0.335238, -22.1488, 4.23458, -8.73598)

[node name="Cardboard_box_long51" parent="Objects" instance=ExtResource("10_i8dsp")]
transform = Transform3D(0.335238, 0, -0.942133, 0, 1, 0, 0.942134, 0, 0.335238, -22.3766, 4.3752, -7.83439)

[node name="Cardboard_box_medium17" parent="Objects" instance=ExtResource("11_l7qio")]
transform = Transform3D(1, 0, 0, 0, 0.780823, 0.624752, 0, -0.624752, 0.780823, -22.4214, 4.2047, -9.69106)

[node name="Cardboard_box_medium18" parent="Objects" instance=ExtResource("11_l7qio")]
transform = Transform3D(1, 0, 0, 0, 1, 0, 0, 0, 1, -22.4214, 3.8755, -8.36841)

[node name="Cardboard_box_medium20" parent="Objects" instance=ExtResource("11_l7qio")]
transform = Transform3D(1, 0, 0, 0, 1, 0, 0, 0, 1, -22.4214, 3.89314, -7.79863)

[node name="Cardboard_box_medium23" parent="Objects" instance=ExtResource("11_l7qio")]
transform = Transform3D(1, 0, 0, 0, 1, 0, 0, 0, 1, -22.2505, 3.05412, -7.79863)

[node name="Cardboard_box_medium19" parent="Objects" instance=ExtResource("11_l7qio")]
transform = Transform3D(1, 0, 0, 0, 1, 0, 0, 0, 1, -22.6515, 3.86239, -9.06547)

[node name="cardboard_box_mini" parent="Objects" instance=ExtResource("12_gnkrv")]
transform = Transform3D(0.0216054, 0, 0.999767, 0, 1, 0, -0.999767, 0, 0.0216054, -12.4836, 1.10977, -5.14413)

[node name="cardboard_box_mini6" parent="Objects" instance=ExtResource("12_gnkrv")]
transform = Transform3D(1, 0, 0, 0, 1, 0, 0, 0, 1, -17.9959, 1.83447, -8.71613)

[node name="cardboard_box_mini2" parent="Objects" instance=ExtResource("12_gnkrv")]
transform = Transform3D(1, 0, 0, 0, 1, 0, 0, 0, 1, -14.3398, 3.5736, 0.0265787)

[node name="cardboard_box_mini3" parent="Objects" instance=ExtResource("12_gnkrv")]
transform = Transform3D(1, 0, 0, 0, 1, 0, 0, 0, 1, -14.5126, 3.5736, -0.21848)

[node name="cardboard_box_mini4" parent="Objects" instance=ExtResource("12_gnkrv")]
transform = Transform3D(1, 0, 0, 0, 1, 0, 0, 0, 1, -14.3324, 3.10739, -0.430835)

[node name="cardboard_box_mini5" parent="Objects" instance=ExtResource("12_gnkrv")]
transform = Transform3D(1, 0, 0, 0, 1, 0, 0, 0, 1, -14.5874, 3.10739, -0.430835)

[node name="cardboard_box_small" parent="Objects" instance=ExtResource("13_i56vn")]
transform = Transform3D(1, 0, 0, 0, 1, 0, 0, 0, 1, -12.3772, 1.12013, -4.65064)

[node name="Cardboard_box_medium10" parent="Objects" instance=ExtResource("11_l7qio")]
transform = Transform3D(0.585099, 0, 0.810962, 0, 1, 0, -0.810962, 0, 0.585099, -13.6513, 1.11163, -8.62597)

[node name="cardboard_box_small17" parent="Objects" instance=ExtResource("13_i56vn")]
transform = Transform3D(0.585099, 0, 0.810962, 0, 1, 0, -0.810962, 0, 0.585099, -13.902, 1.24591, -9.09803)

[node name="cardboard_box_small18" parent="Objects" instance=ExtResource("13_i56vn")]
transform = Transform3D(0.585099, 0, 0.810962, 0, 1, 0, -0.810962, 0, 0.585099, -13.6012, 0.210301, -9.94146)

[node name="Cardboard_box_long52" parent="Objects" instance=ExtResource("10_i8dsp")]
transform = Transform3D(0.33058, 0, -0.943778, 0, 1, 0, 0.943778, 0, 0.33058, -21.8027, 2.92073, -9.61755)

[node name="Cardboard_box_medium21" parent="Objects" instance=ExtResource("11_l7qio")]
transform = Transform3D(1, 0, 0, 0, 1, 0, 0, 0, 1, -22.4535, 3.10038, -8.35411)

[node name="Cardboard_box_medium22" parent="Objects" instance=ExtResource("11_l7qio")]
transform = Transform3D(1, 0, 0, 0, 1, 0, 0, 0, 1, -22.4535, 3.10038, -11.1616)

[node name="Cardboard_box_medium24" parent="Objects" instance=ExtResource("11_l7qio")]
transform = Transform3D(1, 0, 0, 0, 1, 0, 0, 0, 1, -22.3731, 3.10038, -10.5104)

[node name="cardboard_box_small33" parent="Objects" instance=ExtResource("13_i56vn")]
transform = Transform3D(0.585099, 0, 0.810962, 0, 1, 0, -0.810962, 0, 0.585099, -22.4311, 3.16894, -9.54822)

[node name="cardboard_box_small34" parent="Objects" instance=ExtResource("13_i56vn")]
transform = Transform3D(0.585099, 0, 0.810962, 0, 1, 0, -0.810962, 0, 0.585099, -22.3305, 2.85336, -8.90171)

[node name="cardboard_box_small35" parent="Objects" instance=ExtResource("13_i56vn")]
transform = Transform3D(0.585099, 0, 0.810962, 0, 1, 0, -0.810962, 0, 0.585099, -22.3305, 3.26178, -8.90171)

[node name="Cardboard_box_long40" parent="Objects" instance=ExtResource("10_i8dsp")]
transform = Transform3D(0.33058, 0, -0.943778, 0, 1, 0, 0.943778, 0, 0.33058, -19.0111, 1.55863, 0.136219)

[node name="Cardboard_box_medium15" parent="Objects" instance=ExtResource("11_l7qio")]
transform = Transform3D(1, 0, 0, 0, 1, 0, 0, 0, 1, -19.0481, 1.73828, 1.39966)

[node name="Cardboard_box_medium16" parent="Objects" instance=ExtResource("11_l7qio")]
transform = Transform3D(1, 0, 0, 0, 1, 0, 0, 0, 1, -19.0036, 2.16646, -1.4078)

[node name="cardboard_box_small30" parent="Objects" instance=ExtResource("13_i56vn")]
transform = Transform3D(0.585099, 0, 0.810962, 0, 1, 0, -0.810962, 0, 0.585099, -19.0257, 1.80684, 0.205544)

[node name="Cardboard_box_long58" parent="Objects" instance=ExtResource("10_i8dsp")]
transform = Transform3D(0.33058, 0, -0.943778, 0, 1, 0, 0.943778, 0, 0.33058, -22.3335, 0.0536435, -9.31987)

[node name="Cardboard_box_medium27" parent="Objects" instance=ExtResource("11_l7qio")]
transform = Transform3D(1, 0, 0, 0, 1, 0, 0, 0, 1, -22.3705, 0.233294, -8.05643)

[node name="Cardboard_box_medium28" parent="Objects" instance=ExtResource("11_l7qio")]
transform = Transform3D(1, 0, 0, 0, 1, 0, 0, 0, 1, -22.3705, 0.233294, -10.8639)

[node name="cardboard_box_small37" parent="Objects" instance=ExtResource("13_i56vn")]
transform = Transform3D(0.585099, 0, 0.810962, 0, 1, 0, -0.810962, 0, 0.585099, -22.3482, 0.301859, -9.25055)

[node name="Cardboard_box_long59" parent="Objects" instance=ExtResource("10_i8dsp")]
transform = Transform3D(-0.378778, 0, 0.925488, 0, 1, 0, -0.925488, 0, -0.378778, -22.9696, 1.82406, -0.80278)

[node name="Cardboard_box_medium29" parent="Objects" instance=ExtResource("11_l7qio")]
transform = Transform3D(-0.998671, 0, -0.0515342, 0, 1, 0, 0.0515342, 0, -0.998671, -22.9977, 2.00371, -2.06645)

[node name="Cardboard_box_medium30" parent="Objects" instance=ExtResource("11_l7qio")]
transform = Transform3D(-0.998671, 0, -0.0515342, 0, 1, 0, 0.0515342, 0, -0.998671, -22.9679, 1.87597, 0.740483)

[node name="Cardboard_box_medium34" parent="Objects" instance=ExtResource("11_l7qio")]
transform = Transform3D(-0.998671, 0, -0.0515342, 0, 1, 0, 0.0515342, 0, -0.998671, -18.1847, 1.12787, -5.34145)

[node name="Cardboard_box_medium35" parent="Objects" instance=ExtResource("11_l7qio")]
transform = Transform3D(-0.892932, 0, -0.450192, 0, 1, 0, 0.450192, 0, -0.892932, -18.2963, 1.63973, -5.17432)

[node name="Cardboard_box_medium36" parent="Objects" instance=ExtResource("11_l7qio")]
transform = Transform3D(-0.976243, 0, 0.216678, 0, 1, 0, -0.216678, 0, -0.976243, -17.8471, 1.784, -4.76051)

[node name="cardboard_box_small38" parent="Objects" instance=ExtResource("13_i56vn")]
transform = Transform3D(-0.54253, 0, -0.840037, 0, 1, 0, 0.840037, 0, -0.54253, -22.9585, 2.07228, -0.872769)

[node name="cardboard_box_small16" parent="Objects" instance=ExtResource("13_i56vn")]
transform = Transform3D(1, 0, 0, 0, 1, 0, 0, 0, 1, -14.0662, 0.83629, 0.639812)

[node name="Cardboard_box_big21" parent="Objects" instance=ExtResource("9_hwpun")]
transform = Transform3D(0.850416, 0, 0.52611, 0, 1, 0, -0.52611, 0, 0.850416, -22.1624, 1.14476, -11.1417)

[node name="Cardboard_box_big22" parent="Objects" instance=ExtResource("9_hwpun")]
transform = Transform3D(1, 0, 0, 0, 1, 0, 0, 0, 1, -22.1301, 1.14476, -10.3323)

[node name="Cardboard_box_long53" parent="Objects" instance=ExtResource("10_i8dsp")]
transform = Transform3D(1, 0, 0, 0, 1, 0, 0, 0, 1, -22.4267, 0.812582, -7.6671)

[node name="Cardboard_box_long54" parent="Objects" instance=ExtResource("10_i8dsp")]
transform = Transform3D(1, 0, 0, 0, 1, 0, 0, 0, 1, -22.4267, 0.956496, -7.6671)

[node name="Cardboard_box_long55" parent="Objects" instance=ExtResource("10_i8dsp")]
transform = Transform3D(1, 0, 0, 0, 1, 0, 0, 0, 1, -22.4267, 1.05757, -7.6671)

[node name="Cardboard_box_long56" parent="Objects" instance=ExtResource("10_i8dsp")]
transform = Transform3D(1, 0, 0, 0, 1, 0, 0, 0, 1, -22.4267, 1.24111, -7.6671)

[node name="Cardboard_box_long57" parent="Objects" instance=ExtResource("10_i8dsp")]
transform = Transform3D(0.0194068, 0, -0.999812, 0, 1, 0, 0.999812, 0, 0.0194068, -22.4267, 1.31788, -8.66688)

[node name="Cardboard_box_medium25" parent="Objects" instance=ExtResource("11_l7qio")]
transform = Transform3D(1, 0, 0, 0, 1, 0, 0, 0, 1, -22.1284, 0.998796, -9.53905)

[node name="Cardboard_box_medium26" parent="Objects" instance=ExtResource("11_l7qio")]
transform = Transform3D(1, 0, 0, 0, 1, 0, 0, 0, 1, -22.1284, 0.998796, -8.44611)

[node name="cardboard_box_small36" parent="Objects" instance=ExtResource("13_i56vn")]
transform = Transform3D(1, 0, 0, 0, 1, 0, 0, 0, 1, -22.2028, 0.946596, -9.01283)

[node name="Cardboard_box_big23" parent="Objects" instance=ExtResource("9_hwpun")]
transform = Transform3D(0.850416, 0, 0.52611, 0, 1, 0, -0.52611, 0, 0.850416, -22.9083, 3.13085, -1.99274)

[node name="Cardboard_box_big24" parent="Objects" instance=ExtResource("9_hwpun")]
transform = Transform3D(1, 0, 0, 0, 1, 0, 0, 0, 1, -22.8759, 3.13085, -1.18326)

[node name="Cardboard_box_long64" parent="Objects" instance=ExtResource("10_i8dsp")]
transform = Transform3D(0.0194068, 0, -0.999812, 0, 1, 0, 0.999812, 0, 0.0194068, -23.1725, 3.30397, 0.482107)

[node name="Cardboard_box_medium31" parent="Objects" instance=ExtResource("11_l7qio")]
transform = Transform3D(1, 0, 0, 0, 1, 0, 0, 0, 1, -22.8743, 2.98489, -0.390059)

[node name="Cardboard_box_medium32" parent="Objects" instance=ExtResource("11_l7qio")]
transform = Transform3D(1, 0, 0, 0, 1, 0, 0, 0, 1, -22.8743, 2.98489, 0.702879)

[node name="cardboard_box_small39" parent="Objects" instance=ExtResource("13_i56vn")]
transform = Transform3D(1, 0, 0, 0, 1, 0, 0, 0, 1, -22.9486, 2.93269, 0.136164)

[node name="Cardboard_box_big15" parent="Objects" instance=ExtResource("9_hwpun")]
transform = Transform3D(0.850416, 0, 0.52611, 0, 1, 0, -0.52611, 0, 0.850416, -18.7052, 2.86734, -1.48921)

[node name="Cardboard_box_big29" parent="Objects" instance=ExtResource("9_hwpun")]
transform = Transform3D(1, 0, 0, 0, 1, 0, 0, 0, 1, -16.3224, 1.17871, -4.81955)

[node name="Cardboard_box_big16" parent="Objects" instance=ExtResource("9_hwpun")]
transform = Transform3D(1, 0, 0, 0, 1, 0, 0, 0, 1, -18.6729, 2.86734, -0.679732)

[node name="Cardboard_box_long35" parent="Objects" instance=ExtResource("10_i8dsp")]
transform = Transform3D(1, 0, 0, 0, 1, 0, 0, 0, 1, -18.9694, 2.53517, 1.98554)

[node name="Cardboard_box_long36" parent="Objects" instance=ExtResource("10_i8dsp")]
transform = Transform3D(1, 0, 0, 0, 1, 0, 0, 0, 1, -18.9694, 2.67908, 1.98554)

[node name="Cardboard_box_long37" parent="Objects" instance=ExtResource("10_i8dsp")]
transform = Transform3D(1, 0, 0, 0, 1, 0, 0, 0, 1, -18.9694, 2.78015, 1.98554)

[node name="Cardboard_box_long38" parent="Objects" instance=ExtResource("10_i8dsp")]
transform = Transform3D(1, 0, 0, 0, 1, 0, 0, 0, 1, -18.9694, 2.96368, 1.98554)

[node name="Cardboard_box_long39" parent="Objects" instance=ExtResource("10_i8dsp")]
transform = Transform3D(0.0194068, 0, -0.999812, 0, 1, 0, 0.999812, 0, 0.0194068, -18.9694, 3.04046, 0.985756)

[node name="Cardboard_box_medium13" parent="Objects" instance=ExtResource("11_l7qio")]
transform = Transform3D(1, 0, 0, 0, 1, 0, 0, 0, 1, -18.6712, 2.72137, 0.113589)

[node name="Cardboard_box_medium14" parent="Objects" instance=ExtResource("11_l7qio")]
transform = Transform3D(1, 0, 0, 0, 1, 0, 0, 0, 1, -18.6712, 2.72137, 1.20653)

[node name="cardboard_box_small29" parent="Objects" instance=ExtResource("13_i56vn")]
transform = Transform3D(1, 0, 0, 0, 1, 0, 0, 0, 1, -18.7455, 2.66918, 0.639812)

[node name="cardboard_box_small2" parent="Objects" instance=ExtResource("13_i56vn")]
transform = Transform3D(0.995608, 0, -0.0936218, 0, 1, 0, 0.0936218, 0, 0.995608, -14.3441, 3.12425, -0.713652)

[node name="cardboard_box_small15" parent="Objects" instance=ExtResource("13_i56vn")]
transform = Transform3D(0.995608, 0, -0.0936218, 0, 1, 0, 0.0936218, 0, 0.995608, -14.3441, 4.28418, 0.910103)

[node name="cardboard_box_small3" parent="Objects" instance=ExtResource("13_i56vn")]
transform = Transform3D(0.995608, 0, -0.0936218, 0, 1, 0, 0.0936218, 0, 0.995608, -14.0367, 2.13291, 0.0919603)

[node name="cardboard_box_small4" parent="Objects" instance=ExtResource("13_i56vn")]
transform = Transform3D(0.995608, 0, -0.0936218, 0, 1, 0, 0.0936218, 0, 0.995608, -14.5626, 2.13291, 0.0919603)

[node name="cardboard_box_small5" parent="Objects" instance=ExtResource("13_i56vn")]
transform = Transform3D(0.995608, 0, -0.0936218, 0, 1, 0, 0.0936218, 0, 0.995608, -14.5626, 2.54291, 0.0919603)

[node name="Cardboard_box_big17" parent="Objects" instance=ExtResource("9_hwpun")]
transform = Transform3D(-0.999521, 0, -0.0309396, 0, 1, 0, 0.0309396, 0, -0.999521, -22.5417, 2.11798, -9.73926)

[node name="Cardboard_box_big18" parent="Objects" instance=ExtResource("9_hwpun")]
transform = Transform3D(-0.999521, 0, -0.0309396, 0, 1, 0, 0.0309396, 0, -0.999521, -22.5071, 2.10643, -8.62142)

[node name="Cardboard_box_long41" parent="Objects" instance=ExtResource("10_i8dsp")]
transform = Transform3D(-0.999521, 0, -0.0309397, 0, 1, 0, 0.0309397, 0, -0.999521, -22.5476, 1.83032, -11.0846)

[node name="Cardboard_box_long42" parent="Objects" instance=ExtResource("10_i8dsp")]
transform = Transform3D(-0.999521, 0, -0.0309397, 0, 1, 0, 0.0309397, 0, -0.999521, -22.5476, 1.97424, -11.0846)

[node name="Cardboard_box_long43" parent="Objects" instance=ExtResource("10_i8dsp")]
transform = Transform3D(-0.999521, 0, -0.0309397, 0, 1, 0, 0.0309397, 0, -0.999521, -22.5476, 2.07531, -11.0846)

[node name="Cardboard_box_long44" parent="Objects" instance=ExtResource("10_i8dsp")]
transform = Transform3D(-0.999521, 0, -0.0309397, 0, 1, 0, 0.0309397, 0, -0.999521, -22.5476, 2.25884, -11.0846)

[node name="Cardboard_box_long45" parent="Objects" instance=ExtResource("10_i8dsp")]
transform = Transform3D(-0.891806, 0, 0.452419, 0, 1, 0, -0.452419, 0, -0.891805, -22.4458, 1.83032, -7.7959)

[node name="Cardboard_box_long46" parent="Objects" instance=ExtResource("10_i8dsp")]
transform = Transform3D(-0.891806, 0, 0.452419, 0, 1, 0, -0.452419, 0, -0.891805, -22.4458, 1.97424, -7.7959)

[node name="Cardboard_box_long47" parent="Objects" instance=ExtResource("10_i8dsp")]
transform = Transform3D(-0.891806, 0, 0.452419, 0, 1, 0, -0.452419, 0, -0.891805, -22.4458, 2.07531, -7.7959)

[node name="Cardboard_box_long48" parent="Objects" instance=ExtResource("10_i8dsp")]
transform = Transform3D(-0.891806, 0, 0.452419, 0, 1, 0, -0.452419, 0, -0.891805, -22.4458, 2.25884, -7.7959)

[node name="Cardboard_box_long49" parent="Objects" instance=ExtResource("10_i8dsp")]
transform = Transform3D(0.0199328, 0.0236634, -0.999521, -0.76482, 0.644244, -2.88103e-08, 0.643936, 0.764454, 0.0309399, -22.5311, 2.13859, -10.5532)

[node name="cardboard_box_small31" parent="Objects" instance=ExtResource("13_i56vn")]
transform = Transform3D(-0.998028, 0, 0.0627732, 0, 1, 0, -0.0627732, 0, -0.998028, -22.3012, 1.84063, -9.20031)

[node name="cardboard_box_small32" parent="Objects" instance=ExtResource("13_i56vn")]
transform = Transform3D(-0.998028, 0, 0.0627732, 0, 1, 0, -0.0627732, 0, -0.998028, -22.2166, 2.40075, -9.20031)

[node name="cardboard_box_small7" parent="Objects" instance=ExtResource("13_i56vn")]
transform = Transform3D(0.995608, 0, -0.0936218, 0, 1, 0, 0.0936218, 0, 0.995608, -14.5626, 4.16023, 0.0919603)

[node name="cardboard_box_small8" parent="Objects" instance=ExtResource("13_i56vn")]
transform = Transform3D(0.995608, 0, -0.0936218, 0, 1, 0, 0.0936218, 0, 0.995608, -14.5626, 4.57023, 0.0919603)

[node name="cardboard_box_small9" parent="Objects" instance=ExtResource("13_i56vn")]
transform = Transform3D(0.995608, 0, -0.0936218, 0, 1, 0, 0.0936218, 0, 0.995608, -14.5626, 4.16023, -0.416215)

[node name="cardboard_box_small10" parent="Objects" instance=ExtResource("13_i56vn")]
transform = Transform3D(0.995608, 0, -0.0936218, 0, 1, 0, 0.0936218, 0, 0.995608, -14.5626, 4.57023, -0.416215)

[node name="cardboard_box_small11" parent="Objects" instance=ExtResource("13_i56vn")]
transform = Transform3D(0.995608, 0, -0.0936218, 0, 1, 0, 0.0936218, 0, 0.995608, -14.1519, 4.16023, -0.416215)

[node name="cardboard_box_small12" parent="Objects" instance=ExtResource("13_i56vn")]
transform = Transform3D(0.995608, 0, -0.0936218, 0, 1, 0, 0.0936218, 0, 0.995608, -14.1519, 4.57023, -0.416215)

[node name="Cardboard_box_big14" parent="Objects" instance=ExtResource("9_hwpun")]
transform = Transform3D(0.810512, 0, -0.585721, 0, 1, 0, 0.585721, 0, 0.810512, -18.9297, 0.797808, -1.15512)

[node name="Cardboard_box_long31" parent="Objects" instance=ExtResource("10_i8dsp")]
transform = Transform3D(0.882431, 0, 0.470442, 0, 1, 0, -0.470442, 0, 0.882431, -18.9671, 0.493868, 1.76468)

[node name="Cardboard_box_long32" parent="Objects" instance=ExtResource("10_i8dsp")]
