[gd_scene load_steps=14 format=3 uid="uid://d1pv5poqi0p1s"]

[ext_resource type="PackedScene" uid="uid://dhy137f2q5r8l" path="res://Scenes/Prefabs/StaticObjects/cubicle.tscn" id="1_g8gtr"]
[ext_resource type="PackedScene" uid="uid://dicq0w2sau0cw" path="res://Scenes/Prefabs/MoveableObjects/Monitor.tscn" id="2_wogyr"]
[ext_resource type="PackedScene" uid="uid://cbytw1wtximmv" path="res://Scenes/Prefabs/StaticObjects/keyboard_low_poly_2.tscn" id="3_u2t8d"]
[ext_resource type="PackedScene" uid="uid://c26hbiaufc6xb" path="res://Scenes/Prefabs/StaticObjects/mouse.tscn" id="4_utlkq"]
[ext_resource type="PackedScene" uid="uid://vuyggo5xvbr3" path="res://Scenes/Prefabs/MoveableObjects/office_Chair.tscn" id="5_n3u8f"]
[ext_resource type="PackedScene" uid="uid://c4pjt676komn4" path="res://Scenes/Prefabs/StaticObjects/cables.tscn" id="5_tqqw6"]
[ext_resource type="PackedScene" uid="uid://b8iui7iq0t8y6" path="res://Scenes/Prefabs/MoveableObjects/garbage_can.tscn" id="6_3bxda"]
[ext_resource type="PackedScene" uid="uid://bxl6cnj04eefh" path="res://Scenes/Prefabs/StaticObjects/cables_001.tscn" id="6_ny62m"]
[ext_resource type="PackedScene" uid="uid://xy4w3c35frqw" path="res://Scenes/Prefabs/MoveableObjects/lamp.tscn" id="7_my7gv"]
[ext_resource type="PackedScene" uid="uid://bc4e2pkwjrbhi" path="res://Scenes/Prefabs/StaticObjects/papers_tall.tscn" id="10_qm1qt"]
[ext_resource type="PackedScene" uid="uid://cdj2vclj1i0vn" path="res://Scenes/Prefabs/StaticObjects/papers_low.tscn" id="11_cuvh8"]
[ext_resource type="PackedScene" uid="uid://bjb41uajsy3iw" path="res://Assets/Models/mailbox_stand.tscn" id="12_4dkud"]

[sub_resource type="PhysicsMaterial" id="PhysicsMaterial_gg5xj"]

[node name="OfficeCubicle" type="Node3D"]

[node name="Keyboard" parent="." instance=ExtResource("3_u2t8d")]
transform = Transform3D(-0.622118, 0, -0.782923, 0, 1, 0, 0.782923, 0, -0.622118, 0.586226, 1.20544, 0.68502)

[node name="Cubicle" parent="." instance=ExtResource("1_g8gtr")]

[node name="GrabableObjectTemplate" parent="." instance=ExtResource("2_wogyr")]
transform = Transform3D(0.617832, 0, 0.78631, 0, 1, 0, -0.78631, 0, 0.617832, 1.03018, 1.58836, 1.1172)
physics_material_override = SubResource("PhysicsMaterial_gg5xj")

[node name="KeyboardLowPoly2" parent="." instance=ExtResource("3_u2t8d")]
transform = Transform3D(-0.00770315, 0, -0.00919947, 0, 0.0119988, 0, 0.00919947, 0, -0.00770315, 0.605024, 1.19578, 0.708205)

[node name="Mouse" parent="." instance=ExtResource("4_utlkq")]
transform = Transform3D(0.641879, 0, 0.766806, 0, 1, 0, -0.766806, 0, 0.641879, 0.279921, 1.22403, 1.04169)

[node name="Cables" parent="." instance=ExtResource("5_tqqw6")]
transform = Transform3D(0.0042205, 0, 0.00578542, 0, 0.00716127, 0, -0.00578542, 0, 0.0042205, 0.394286, 1.69978, 2.0122)

[node name="Cables_001" parent="." instance=ExtResource("6_ny62m")]
transform = Transform3D(0.00628211, 0, 0.00822052, 0, 0.0103461, 0, -0.00822052, 0, 0.00628211, 0.37539, 1.8584, 2.25458)

[node name="Chair" parent="." instance=ExtResource("5_n3u8f")]
transform = Transform3D(0.796171, 0, 0.605072, 0, 1, 0, -0.605072, 0, 0.796171, 0.037, 0.797346, 0.111)

[node name="Cylinder" parent="." instance=ExtResource("6_3bxda")]
transform = Transform3D(1, 0, 0, 0, 1, 0, 0, 0, 1, -1.60275, 0, -1.45313)

[node name="Lamp" parent="." instance=ExtResource("7_my7gv")]
transform = Transform3D(0.871881, 0, 0.489717, 0, 1, 0, -0.489717, 0, 0.871881, -0.0100938, 1.40059, 1.37435)

[node name="PapersTall" parent="." instance=ExtResource("10_qm1qt")]
transform = Transform3D(0.0835411, 0, -0.1487, 0, 0.146489, 0, 0.105945, 0, 0.117255, -1.10079, 1.35499, 1.32315)

[node name="PapersLow" parent="." instance=ExtResource("11_cuvh8")]
transform = Transform3D(0.109635, 0, 0.11037, 0, 0.146489, 0, -0.0786357, 0, 0.15388, -0.482422, 1.2779, 1.26531)

[node name="RigidBody3D" parent="." instance=ExtResource("12_4dkud")]
transform = Transform3D(-0.1157, 0, 0.993284, 0, 1, 0, -0.993284, 0, -0.1157, 1.2728, 1.46968, -0.271863)
